24 24
24 52 80 108 136 164 192 220 248 276 304 332         416 444 472 500 528 556 584 612 640 668 696 724
52 6
24				 164					 332		 416					 584				 724
80 4
				 164					 332		 416					 584				 
108 6
24				 164					 332		 416					 584				 724
136 26
24 52 80 108 136 164 192 220 248 276 304 332 360 388 416 444 472 500 528 556 584 612 640 668 696 724
164 6
24				 164		 248		    		 			 500		 584				 724
192 6
24				 164		 248		    		 			 500		 584				 724
220 20
24 52 80 108 136 164 	 	 248 276 304 332         416 444 472 500 	 	 584 612 640 668 696 724
248 2
				 164														 584					
276 2
				 164														 584					
304 2
				 164														 584					
332 2
				 164														 584					
360 2
				 164														 584					
388 2
				 164														 584					
416 2
				 164														 584					
444 2
				 164														 584					
472 2
				 164														 584					
500 2
				 164														 584					
528 2
				 164														 584					
556 24
24 52 80 108 136 164 192 220 248 276 304 332         416 444 472 500 528 556 584 612 640 668 696 724
584 6
24				 164					 332		 416					 584				 724
612 6
24				 164					 332		 416					 584				 724
640 20
	52 80 		 164 192 220 248 276 304 332 360 388 416 444 472 500 528 556 584 		 668 696 
668 6
	  80		 164		 248		    		 			 500		 584		 668		
696 6
	  80		 164		 248		    		 			 500		 584		 668		
724 20
24 52 80 108 136 164 		 248 276 304 332         416 444 472 500 		 584 612 640 668 696 724
752 4
24				 						 332		 416					 					 724
780 4
24				 						 332		 416					 					 724
808 26
24 52 80 108 136 164 192 220 248 276 304 332 360 388 416 444 472 500 528 556 584 612 640 668 696 724








